202664.217
6749.623
3216.658
2335.513
1641.863
971.375
606.207
442.246
351.037
262.391
188.331
140.551
114.681
101.608
101.495
118.462
153.770
191.651
196.330
159.751
119.534
92.743
76.794
67.366
61.615
58.544
56.731
51.534
46.634
42.290
38.195
34.894
32.759
30.000
27.434
25.361
23.700
22.330
21.200
20.353
19.704
19.046
18.278
17.531
17.116
18.880
20.366
16.666
16.563
212.546
31.763
21.804
21.949
24.493
28.871
35.326
43.162
49.059
49.580
46.524
42.533
40.793
35.067
31.201
29.352
28.502
28.609
29.612
31.388
33.680
36.009
37.670
37.936
36.434
33.383
29.432
25.272
21.380
17.976
15.103
12.714
10.741
9.123
7.826
6.880
6.276
5.478
4.566
3.912
3.435
3.058
2.747
2.488
2.270
2.085
1.927
1.791
1.673
1.570
1.480
1.400
1.330
1.267
1.210
1.159
